
i:02018-09-03 00:20:20.773812
i:12018-09-03 00:20:20.773812
i:0 2018-09-03 00:20:53.515815
i:1 2018-09-03 00:20:57.812946