
i:02018-09-03 00:20:20.773812
i:12018-09-03 00:20:20.773812